# Opmerking: door stationsverplaatsingen en veranderingen in waarneemmethodieken zijn deze tijdreeksen van uurwaarden mogelijk inhomogeen! Dat betekent dat deze reeks van gemeten waarden niet geschikt is voor trendanalyse. Voor studies naar klimaatverandering verwijzen we naar de gehomogeniseerde dagreeksen <http://www.knmi.nl/nederland-nu/klimatologie/daggegevens> of de Centraal Nederland Temperatuur <http://www.knmi.nl/kennis-en-datacentrum/achtergrond/centraal-nederland-temperatuur-cnt>.
# 
# SOURCE: ROYAL NETHERLANDS METEOROLOGICAL INSTITUTE (KNMI)
# Comment: These time series are inhomogeneous because of station relocations and changes in observation techniques. As a result, these series are not suitable for trend analysis. For climate change studies we refer to the homogenized series of daily data <http://www.knmi.nl/nederland-nu/klimatologie/daggegevens> or the Central Netherlands Temperature <http://www.knmi.nl/kennis-en-datacentrum/achtergrond/centraal-nederland-temperatuur-cnt>."
# 
# STN         LON(east)   LAT(north)  ALT(m)      NAME
# 330         4.122       51.992      11.90       Hoek van Holland
# P         : Luchtdruk (in 0.1 hPa) herleid naar zeeniveau; tijdens de waarneming / Air pressure (in 0.1 hPa) reduced to mean sea level; at the time of observation
 # STN,YYYYMMDD,H,    P
  330,20230901,    1,10112
  330,20230901,    2,10109
  330,20230901,    3,10109
  330,20230901,    4,10107
  330,20230901,    5,10105
  330,20230901,    6,10108
  330,20230901,    7,10109
  330,20230901,    8,10108
  330,20230901,    9,10110
  330,20230901,   10,10118
  330,20230901,   11,10121
  330,20230901,   12,10125
  330,20230901,   13,10127
  330,20230901,   14,10128
  330,20230901,   15,10131
  330,20230901,   16,10130
  330,20230901,   17,10132
  330,20230901,   18,10135
  330,20230901,   19,10144
  330,20230901,   20,10150
  330,20230901,   21,10154
  330,20230901,   22,10157
  330,20230901,   23,10161
  330,20230901,   24,10163
  330,20230902,    1,10164
  330,20230902,    2,10167
  330,20230902,    3,10168
  330,20230902,    4,10171
  330,20230902,    5,10175
  330,20230902,    6,10180
  330,20230902,    7,10190
  330,20230902,    8,10198
  330,20230902,    9,10202
  330,20230902,   10,10210
  330,20230902,   11,10213
  330,20230902,   12,10217
  330,20230902,   13,10220
  330,20230902,   14,10220
  330,20230902,   15,10222
  330,20230902,   16,10225
  330,20230902,   17,10229
  330,20230902,   18,10232
  330,20230902,   19,10238
  330,20230902,   20,10245
  330,20230902,   21,10252
  330,20230902,   22,10258
  330,20230902,   23,10259
  330,20230902,   24,10262
  330,20230903,    1,10258
  330,20230903,    2,10264
  330,20230903,    3,10260
  330,20230903,    4,10264
  330,20230903,    5,10267
  330,20230903,    6,10273
  330,20230903,    7,10278
  330,20230903,    8,10282
  330,20230903,    9,10282
  330,20230903,   10,10280
  330,20230903,   11,10283
  330,20230903,   12,10286
  330,20230903,   13,10285
  330,20230903,   14,10281
  330,20230903,   15,10281
  330,20230903,   16,10280
  330,20230903,   17,10276
  330,20230903,   18,10272
  330,20230903,   19,10272
  330,20230903,   20,10273
  330,20230903,   21,10274
  330,20230903,   22,10276
  330,20230903,   23,10277
  330,20230903,   24,10276
  330,20230904,    1,10274
  330,20230904,    2,10272
  330,20230904,    3,10268
  330,20230904,    4,10266
  330,20230904,    5,10264
  330,20230904,    6,10263
  330,20230904,    7,10263
  330,20230904,    8,10263
  330,20230904,    9,10262
  330,20230904,   10,10258
  330,20230904,   11,10254
  330,20230904,   12,10248
  330,20230904,   13,10243
  330,20230904,   14,10235
  330,20230904,   15,10233
  330,20230904,   16,10227
  330,20230904,   17,10219
  330,20230904,   18,10217
  330,20230904,   19,10215
  330,20230904,   20,10213
  330,20230904,   21,10211
  330,20230904,   22,10211
  330,20230904,   23,10209
  330,20230904,   24,10203
  330,20230905,    1,10200
  330,20230905,    2,10196
  330,20230905,    3,10194
  330,20230905,    4,10189
  330,20230905,    5,10190
  330,20230905,    6,10190
  330,20230905,    7,10189
  330,20230905,    8,10188
  330,20230905,    9,10192
  330,20230905,   10,10189
  330,20230905,   11,10185
  330,20230905,   12,10183
  330,20230905,   13,10180
  330,20230905,   14,10176
  330,20230905,   15,10173
  330,20230905,   16,10172
  330,20230905,   17,10171
  330,20230905,   18,10173
  330,20230905,   19,10179
  330,20230905,   20,10180
  330,20230905,   21,10181
  330,20230905,   22,10180
  330,20230905,   23,10180
  330,20230905,   24,10180
  330,20230906,    1,10181
  330,20230906,    2,10181
  330,20230906,    3,10183
  330,20230906,    4,10185
  330,20230906,    5,10185
  330,20230906,    6,10189
  330,20230906,    7,10193
  330,20230906,    8,10196
  330,20230906,    9,10199
  330,20230906,   10,10198
  330,20230906,   11,10198
  330,20230906,   12,10197
  330,20230906,   13,10197
  330,20230906,   14,10194
  330,20230906,   15,10193
  330,20230906,   16,10191
  330,20230906,   17,10188
  330,20230906,   18,10187
  330,20230906,   19,10192
  330,20230906,   20,10195
  330,20230906,   21,10197
  330,20230906,   22,10198
  330,20230906,   23,10195
  330,20230906,   24,10192
  330,20230907,    1,10188
  330,20230907,    2,10187
  330,20230907,    3,10186
  330,20230907,    4,10188
  330,20230907,    5,10190
  330,20230907,    6,10192
  330,20230907,    7,10193
  330,20230907,    8,10191
  330,20230907,    9,10190
  330,20230907,   10,10188
  330,20230907,   11,10187
  330,20230907,   12,10180
  330,20230907,   13,10176
  330,20230907,   14,10169
  330,20230907,   15,10169
  330,20230907,   16,10167
  330,20230907,   17,10167
  330,20230907,   18,10168
  330,20230907,   19,10171
  330,20230907,   20,10172
  330,20230907,   21,10172
  330,20230907,   22,10169
  330,20230907,   23,10165
  330,20230907,   24,10165
  330,20230908,    1,10166
  330,20230908,    2,10164
  330,20230908,    3,10162
  330,20230908,    4,10161
  330,20230908,    5,10161
  330,20230908,    6,10164
  330,20230908,    7,10165
  330,20230908,    8,10167
  330,20230908,    9,10169
  330,20230908,   10,10169
  330,20230908,   11,10170
  330,20230908,   12,10169
  330,20230908,   13,10168
  330,20230908,   14,10166
  330,20230908,   15,10164
  330,20230908,   16,10163
  330,20230908,   17,10162
  330,20230908,   18,10163
  330,20230908,   19,10168
  330,20230908,   20,10168
  330,20230908,   21,10166
  330,20230908,   22,10165
  330,20230908,   23,10166
  330,20230908,   24,10164
  330,20230909,    1,10163
  330,20230909,    2,10162
  330,20230909,    3,10160
  330,20230909,    4,10161
  330,20230909,    5,10162
  330,20230909,    6,10163
  330,20230909,    7,10167
  330,20230909,    8,10169
  330,20230909,    9,10173
  330,20230909,   10,10173
  330,20230909,   11,10173
  330,20230909,   12,10170
  330,20230909,   13,10170
  330,20230909,   14,10168
  330,20230909,   15,10166
  330,20230909,   16,10165
  330,20230909,   17,10165
  330,20230909,   18,10165
  330,20230909,   19,10167
  330,20230909,   20,10169
  330,20230909,   21,10170
  330,20230909,   22,10170
  330,20230909,   23,10169
  330,20230909,   24,10170
  330,20230910,    1,10168
  330,20230910,    2,10167
  330,20230910,    3,10166
  330,20230910,    4,10164
  330,20230910,    5,10164
  330,20230910,    6,10165
  330,20230910,    7,10170
  330,20230910,    8,10171
  330,20230910,    9,10170
  330,20230910,   10,10169
  330,20230910,   11,10168
  330,20230910,   12,10167
  330,20230910,   13,10164
  330,20230910,   14,10162
  330,20230910,   15,10157
  330,20230910,   16,10152
  330,20230910,   17,10150
  330,20230910,   18,10149
  330,20230910,   19,10148
  330,20230910,   20,10148
  330,20230910,   21,10144
  330,20230910,   22,10138
  330,20230910,   23,10137
  330,20230910,   24,10135
  330,20230911,    1,10130
  330,20230911,    2,10126
  330,20230911,    3,10122
  330,20230911,    4,10118
  330,20230911,    5,10119
  330,20230911,    6,10126
  330,20230911,    7,10130
  330,20230911,    8,10132
  330,20230911,    9,10136
  330,20230911,   10,10139
  330,20230911,   11,10139
  330,20230911,   12,10140
  330,20230911,   13,10139
  330,20230911,   14,10139
  330,20230911,   15,10139
  330,20230911,   16,10129
  330,20230911,   17,10130
  330,20230911,   18,10132
  330,20230911,   19,10134
  330,20230911,   20,10138
  330,20230911,   21,10133
  330,20230911,   22,10134
  330,20230911,   23,10134
  330,20230911,   24,10132
  330,20230912,    1,10129
  330,20230912,    2,10127
  330,20230912,    3,10125
  330,20230912,    4,10124
  330,20230912,    5,10125
  330,20230912,    6,10126
  330,20230912,    7,10129
  330,20230912,    8,10133
  330,20230912,    9,10135
  330,20230912,   10,10137
  330,20230912,   11,10136
  330,20230912,   12,10136
  330,20230912,   13,10134
  330,20230912,   14,10133
  330,20230912,   15,10131
  330,20230912,   16,10128
  330,20230912,   17,10128
  330,20230912,   18,10131
  330,20230912,   19,10133
  330,20230912,   20,10135
  330,20230912,   21,10134
  330,20230912,   22,10135
  330,20230912,   23,10133
  330,20230912,   24,10133
  330,20230913,    1,10132
  330,20230913,    2,10132
  330,20230913,    3,10134
  330,20230913,    4,10135
  330,20230913,    5,10144
  330,20230913,    6,10155
  330,20230913,    7,10164
  330,20230913,    8,10176
  330,20230913,    9,10186
  330,20230913,   10,10193
  330,20230913,   11,10199
  330,20230913,   12,10206
  330,20230913,   13,10210
  330,20230913,   14,10212
  330,20230913,   15,10212
  330,20230913,   16,10213
  330,20230913,   17,10216
  330,20230913,   18,10218
  330,20230913,   19,10222
  330,20230913,   20,10228
  330,20230913,   21,10229
  330,20230913,   22,10229
  330,20230913,   23,10231
  330,20230913,   24,10231
  330,20230914,    1,10230
  330,20230914,    2,10229
  330,20230914,    3,10225
  330,20230914,    4,10224
  330,20230914,    5,10224
  330,20230914,    6,10225
  330,20230914,    7,10226
  330,20230914,    8,10229
  330,20230914,    9,10229
  330,20230914,   10,10228
  330,20230914,   11,10225
  330,20230914,   12,10224
  330,20230914,   13,10221
  330,20230914,   14,10216
  330,20230914,   15,10213
  330,20230914,   16,10210
  330,20230914,   17,10208
  330,20230914,   18,10205
  330,20230914,   19,10207
  330,20230914,   20,10206
  330,20230914,   21,10203
  330,20230914,   22,10202
  330,20230914,   23,10200
  330,20230914,   24,10198
  330,20230915,    1,10196
  330,20230915,    2,10192
  330,20230915,    3,10190
  330,20230915,    4,10186
  330,20230915,    5,10184
  330,20230915,    6,10186
  330,20230915,    7,10186
  330,20230915,    8,10184
  330,20230915,    9,10183
  330,20230915,   10,10179
  330,20230915,   11,10174
  330,20230915,   12,10172
  330,20230915,   13,10166
  330,20230915,   14,10160
  330,20230915,   15,10157
  330,20230915,   16,10152
  330,20230915,   17,10149
  330,20230915,   18,10150
  330,20230915,   19,10151
  330,20230915,   20,10150
  330,20230915,   21,10150
  330,20230915,   22,10150
  330,20230915,   23,10145
  330,20230915,   24,10141
  330,20230916,    1,10140
  330,20230916,    2,10139
  330,20230916,    3,10138
  330,20230916,    4,10134
  330,20230916,    5,10133
  330,20230916,    6,10134
  330,20230916,    7,10139
  330,20230916,    8,10142
  330,20230916,    9,10145
  330,20230916,   10,10146
  330,20230916,   11,10144
  330,20230916,   12,10141
  330,20230916,   13,10140
  330,20230916,   14,10139
  330,20230916,   15,10137
  330,20230916,   16,10138
  330,20230916,   17,10137
  330,20230916,   18,10140
  330,20230916,   19,10143
  330,20230916,   20,10146
  330,20230916,   21,10146
  330,20230916,   22,10147
  330,20230916,   23,10147
  330,20230916,   24,10144
  330,20230917,    1,10140
  330,20230917,    2,10137
  330,20230917,    3,10136
  330,20230917,    4,10135
  330,20230917,    5,10133
  330,20230917,    6,10133
  330,20230917,    7,10132
  330,20230917,    8,10132
  330,20230917,    9,10133
  330,20230917,   10,10129
  330,20230917,   11,10125
  330,20230917,   12,10127
  330,20230917,   13,10123
  330,20230917,   14,10119
  330,20230917,   15,10111
  330,20230917,   16,10111
  330,20230917,   17,10105
  330,20230917,   18,10100
  330,20230917,   19,10093
  330,20230917,   20,10088
  330,20230917,   21,10086
  330,20230917,   22,10076
  330,20230917,   23,10068
  330,20230917,   24,10052
  330,20230918,    1,10036
  330,20230918,    2,10040
  330,20230918,    3,10029
  330,20230918,    4,10030
  330,20230918,    5,10024
  330,20230918,    6,10018
  330,20230918,    7,10020
  330,20230918,    8,10025
  330,20230918,    9,10030
  330,20230918,   10,10030
  330,20230918,   11,10031
  330,20230918,   12,10027
  330,20230918,   13,10019
  330,20230918,   14,10020
  330,20230918,   15,10009
  330,20230918,   16,10009
  330,20230918,   17,10014
  330,20230918,   18,10021
  330,20230918,   19,10030
  330,20230918,   20,10039
  330,20230918,   21,10048
  330,20230918,   22,10056
  330,20230918,   23,10060
  330,20230918,   24,10066
  330,20230919,    1,10071
  330,20230919,    2,10072
  330,20230919,    3,10073
  330,20230919,    4,10075
  330,20230919,    5,10078
  330,20230919,    6,10080
  330,20230919,    7,10081
  330,20230919,    8,10081
  330,20230919,    9,10080
  330,20230919,   10,10076
  330,20230919,   11,10073
  330,20230919,   12,10069
  330,20230919,   13,10071
  330,20230919,   14,10070
  330,20230919,   15,10070
  330,20230919,   16,10070
  330,20230919,   17,10071
  330,20230919,   18,10072
  330,20230919,   19,10071
  330,20230919,   20,10073
  330,20230919,   21,10072
  330,20230919,   22,10069
  330,20230919,   23,10069
  330,20230919,   24,10070
  330,20230920,    1,10069
  330,20230920,    2,10066
  330,20230920,    3,10060
  330,20230920,    4,10054
  330,20230920,    5,10049
  330,20230920,    6,10048
  330,20230920,    7,10048
  330,20230920,    8,10051
  330,20230920,    9,10050
  330,20230920,   10,10048
  330,20230920,   11,10045
  330,20230920,   12,10039
  330,20230920,   13,10031
  330,20230920,   14,10029
  330,20230920,   15,10025
  330,20230920,   16,10019
  330,20230920,   17,10014
  330,20230920,   18,10010
  330,20230920,   19,10010
  330,20230920,   20,10002
  330,20230920,   21, 9989
  330,20230920,   22, 9982
  330,20230920,   23, 9976
  330,20230920,   24, 9970
  330,20230921,    1, 9968
  330,20230921,    2, 9968
  330,20230921,    3, 9962
  330,20230921,    4, 9959
  330,20230921,    5, 9965
  330,20230921,    6, 9966
  330,20230921,    7, 9969
  330,20230921,    8, 9973
  330,20230921,    9, 9978
  330,20230921,   10, 9981
  330,20230921,   11, 9975
  330,20230921,   12, 9970
  330,20230921,   13, 9970
  330,20230921,   14, 9964
  330,20230921,   15, 9962
  330,20230921,   16, 9958
  330,20230921,   17, 9954
  330,20230921,   18, 9953
  330,20230921,   19, 9960
  330,20230921,   20, 9965
  330,20230921,   21, 9970
  330,20230921,   22, 9975
  330,20230921,   23, 9976
  330,20230921,   24, 9976
  330,20230922,    1, 9975
  330,20230922,    2, 9972
  330,20230922,    3, 9971
  330,20230922,    4, 9968
  330,20230922,    5, 9972
  330,20230922,    6, 9977
  330,20230922,    7, 9982
  330,20230922,    8, 9990
  330,20230922,    9, 9996
  330,20230922,   10,10001
  330,20230922,   11,10004
  330,20230922,   12,10009
  330,20230922,   13,10013
  330,20230922,   14,10015
  330,20230922,   15,10019
  330,20230922,   16,10021
  330,20230922,   17,10026
  330,20230922,   18,10035
  330,20230922,   19,10043
  330,20230922,   20,10048
  330,20230922,   21,10050
  330,20230922,   22,10054
  330,20230922,   23,10056
  330,20230922,   24,10062
  330,20230923,    1,10066
  330,20230923,    2,10070
  330,20230923,    3,10075
  330,20230923,    4,10080
  330,20230923,    5,10086
  330,20230923,    6,10095
  330,20230923,    7,10104
  330,20230923,    8,10115
  330,20230923,    9,10127
  330,20230923,   10,10135
  330,20230923,   11,10142
  330,20230923,   12,10151
  330,20230923,   13,10158
  330,20230923,   14,10165
  330,20230923,   15,10172
  330,20230923,   16,10180
  330,20230923,   17,10187
  330,20230923,   18,10192
  330,20230923,   19,10199
  330,20230923,   20,10207
  330,20230923,   21,10211
  330,20230923,   22,10216
  330,20230923,   23,10216
  330,20230923,   24,10219
  330,20230924,    1,10222
  330,20230924,    2,10223
  330,20230924,    3,10223
  330,20230924,    4,10228
  330,20230924,    5,10229
  330,20230924,    6,10232
  330,20230924,    7,10237
  330,20230924,    8,10240
  330,20230924,    9,10239
  330,20230924,   10,10237
  330,20230924,   11,10234
  330,20230924,   12,10232
  330,20230924,   13,10230
  330,20230924,   14,10224
  330,20230924,   15,10220
  330,20230924,   16,10216
  330,20230924,   17,10216
  330,20230924,   18,10212
  330,20230924,   19,10214
  330,20230924,   20,10211
  330,20230924,   21,10208
  330,20230924,   22,10202
  330,20230924,   23,10201
  330,20230924,   24,10200
  330,20230925,    1,10199
  330,20230925,    2,10194
  330,20230925,    3,10191
  330,20230925,    4,10194
  330,20230925,    5,10196
  330,20230925,    6,10199
  330,20230925,    7,10204
  330,20230925,    8,10203
  330,20230925,    9,10206
  330,20230925,   10,10209
  330,20230925,   11,10209
  330,20230925,   12,10215
  330,20230925,   13,10217
  330,20230925,   14,10216
  330,20230925,   15,10215
  330,20230925,   16,10218
  330,20230925,   17,10219
  330,20230925,   18,10221
  330,20230925,   19,10220
  330,20230925,   20,10223
  330,20230925,   21,10223
  330,20230925,   22,10221
  330,20230925,   23,10220
  330,20230925,   24,10215
  330,20230926,    1,10218
  330,20230926,    2,10211
  330,20230926,    3,10209
  330,20230926,    4,10205
  330,20230926,    5,10200
  330,20230926,    6,10202
  330,20230926,    7,10200
  330,20230926,    8,10200
  330,20230926,    9,10197
  330,20230926,   10,10196
  330,20230926,   11,10192
  330,20230926,   12,10189
  330,20230926,   13,10187
  330,20230926,   14,10181
  330,20230926,   15,10181
  330,20230926,   16,10178
  330,20230926,   17,10181
  330,20230926,   18,10187
  330,20230926,   19,10186
  330,20230926,   20,10190
  330,20230926,   21,10192
  330,20230926,   22,10191
  330,20230926,   23,10191
  330,20230926,   24,10194
  330,20230927,    1,10194
  330,20230927,    2,10197
  330,20230927,    3,10198
  330,20230927,    4,10194
  330,20230927,    5,10191
  330,20230927,    6,10190
  330,20230927,    7,10198
  330,20230927,    8,10199
  330,20230927,    9,10195
  330,20230927,   10,10187
  330,20230927,   11,10183
  330,20230927,   12,10172
  330,20230927,   13,10167
  330,20230927,   14,10160
  330,20230927,   15,10147
  330,20230927,   16,10142
  330,20230927,   17,10137
  330,20230927,   18,10133
  330,20230927,   19,10128
  330,20230927,   20,10117
  330,20230927,   21,10115
  330,20230927,   22,10117
  330,20230927,   23,10117
  330,20230927,   24,10120
  330,20230928,    1,10126
  330,20230928,    2,10130
  330,20230928,    3,10135
  330,20230928,    4,10138
  330,20230928,    5,10145
  330,20230928,    6,10150
  330,20230928,    7,10154
  330,20230928,    8,10159
  330,20230928,    9,10167
  330,20230928,   10,10167
  330,20230928,   11,10172
  330,20230928,   12,10170
  330,20230928,   13,10170
  330,20230928,   14,10168
  330,20230928,   15,10164
  330,20230928,   16,10162
  330,20230928,   17,10162
  330,20230928,   18,10158
  330,20230928,   19,10157
  330,20230928,   20,10156
  330,20230928,   21,10151
  330,20230928,   22,10149
  330,20230928,   23,10145
  330,20230928,   24,10140
  330,20230929,    1,10137
  330,20230929,    2,10129
  330,20230929,    3,10123
  330,20230929,    4,10119
  330,20230929,    5,10117
  330,20230929,    6,10119
  330,20230929,    7,10122
  330,20230929,    8,10127
  330,20230929,    9,10133
  330,20230929,   10,10145
  330,20230929,   11,10158
  330,20230929,   12,10172
  330,20230929,   13,10185
  330,20230929,   14,10196
  330,20230929,   15,10206
  330,20230929,   16,10213
  330,20230929,   17,10219
  330,20230929,   18,10229
  330,20230929,   19,10232
  330,20230929,   20,10240
  330,20230929,   21,10239
  330,20230929,   22,10240
  330,20230929,   23,10243
  330,20230929,   24,10244
  330,20230930,    1,10251
  330,20230930,    2,10250
  330,20230930,    3,10247
  330,20230930,    4,10248
  330,20230930,    5,10249
  330,20230930,    6,10251
  330,20230930,    7,10258
  330,20230930,    8,10258
  330,20230930,    9,10266
  330,20230930,   10,10265
  330,20230930,   11,10263
  330,20230930,   12,10260
  330,20230930,   13,10258
  330,20230930,   14,10254
  330,20230930,   15,10253
  330,20230930,   16,10248
  330,20230930,   17,10250
  330,20230930,   18,10248
  330,20230930,   19,10246
  330,20230930,   20,10245
  330,20230930,   21,10247
  330,20230930,   22,10241
  330,20230930,   23,10236
  330,20230930,   24,10232
  330,20231001,    1,10231
  330,20231001,    2,10226
  330,20231001,    3,10223
  330,20231001,    4,10222
  330,20231001,    5,10221
  330,20231001,    6,10222
  330,20231001,    7,10223
  330,20231001,    8,10223
  330,20231001,    9,10225
  330,20231001,   10,10225
  330,20231001,   11,10223
  330,20231001,   12,10222
  330,20231001,   13,10218
  330,20231001,   14,10215
  330,20231001,   15,10211
  330,20231001,   16,10207
  330,20231001,   17,10206
  330,20231001,   18,10207
  330,20231001,   19,10207
  330,20231001,   20,10205
  330,20231001,   21,10202
  330,20231001,   22,10199
  330,20231001,   23,10199
  330,20231001,   24,10197
