2.336264245125672934e-02
2.823261009467523119e-02
-5.294401312419241834e-02
-7.731323533044873186e-02
-3.061428504967520295e-02
-4.540055225815828148e-03
-4.009955515493413697e-02
1.672532128151890327e-02
-1.475730236680390384e-01
3.326238326202735074e-02
7.354841036133338839e-02
1.058398146272934159e-01
7.781105694317146104e-02
3.699295495132206429e-02
-1.490324132422991277e-01
-6.267545442433768155e-02
-5.956571305862447957e-02
-1.654122100047676971e-02
4.550914067104968805e-03
-1.509852632405692674e-01
2.430712625258488538e-02
-8.159414579254831157e-02
-1.203898984211321660e-01
-1.507787474175102949e-01
-1.989253784155911309e-01
-2.693008285252966316e-01
-2.712996371520851047e-01
-3.753215607797517062e-01
-3.599876751089120530e-01
-4.418506347764658559e-01
-4.183800872202635412e-01
-3.945200650343972937e-01
-4.515267209021065486e-01
-3.583195183487435376e-01
-3.582205330657050046e-01
-3.032826107600626320e-01
-3.499179686224103136e-01
-2.788242215673029101e-01
-3.843926338379948238e-01
-1.324229701516112523e-01
-2.974063941242119369e-01
-2.343368333379731439e-01
-2.598178853807286415e-01
-2.632982777058609503e-01
-3.438895357562898325e-01
-3.838047136159442596e-01
-3.186243392215616366e-01
-2.456010190794779280e-01
-3.673129329344855809e-01
-2.799857322807659532e-01
