-2.877512930181403972e-01
-8.724269250951001420e-02
-1.037792972325164292e-01
4.972434031453730474e-02
-6.041576738282287279e-02
4.900833173601336704e-03
7.553987418031876677e-02
-1.666715290150622142e-01
-2.614805395641581903e-02
-1.305541063619162778e-01
-5.234087428675968795e-02
2.175961866456524105e-02
-8.297807479235931594e-02
-8.438654703022714643e-02
-4.841675332903247475e-02
-1.573022092745001007e-03
-3.899058791306436039e-02
-9.006453889408871927e-02
4.281693467628433850e-03
6.549146142197799503e-02
6.892264877716616778e-02
1.434009012399950315e-02
-2.377588013450605137e-02
-2.752490369633340747e-02
-3.247439818449518456e-02
-7.645880127584681052e-02
-1.157182817882442954e-01
-8.190014624196968740e-02
-1.974429646194910681e-01
-2.120911406046282754e-01
-1.949763744204739968e-01
-2.184575866474131045e-01
-2.711088397668605099e-01
-3.246317424125474971e-01
-2.815867804359276083e-01
-3.277057630192514726e-01
-3.289252209820074935e-01
-2.968910059536762347e-01
-3.273251321861615493e-01
-3.317303449376843849e-01
-2.505161413161343109e-01
-1.827329837561681991e-01
-2.806250090884744308e-01
-2.160708284899754417e-01
-2.532970330852089003e-01
-2.289307190786169233e-01
-3.117558363733424209e-01
-3.278323782065786229e-01
-2.119262835995315564e-01
-2.588808297936534553e-01
