-1.765514935288178267e-01
-8.587145606161308842e-02
-4.971633868867079975e-02
-1.294991420206157151e-01
-5.191733586266240874e-02
4.302706817514390797e-02
-8.947824195894260590e-02
-9.120284095729205842e-02
-8.078825013544685407e-02
-1.553808936141385932e-01
-1.701443359455556137e-01
-1.067017051382031234e-01
-1.024071863307532415e-01
1.076348219086566138e-02
-3.151392518307705864e-02
-2.602014877645513619e-02
-2.558713143605946538e-02
-2.211881112155082707e-02
-1.936058123158738639e-02
-7.552661186095811080e-03
-1.601828430672572884e-02
2.725168170571298093e-02
1.262668299705629327e-01
7.780007621439301302e-02
8.633275236003488950e-02
1.240697473556362646e-01
1.354833165158326747e-01
1.444897666440093931e-01
1.231804691962032766e-01
1.885021541396121603e-01
1.991836330437432301e-01
1.564044272698905946e-01
1.540855009036012913e-01
1.859205324494676848e-01
2.062086724897945478e-01
1.574172838329723767e-01
1.668862686724371380e-01
8.087487983077382148e-02
3.231705446242941204e-02
1.261795451989426720e-01
1.191189911619387753e-01
9.664902387172481790e-02
1.353519500766150740e-01
8.656600392143833089e-02
1.293647178295283529e-01
1.509974635855122760e-01
1.124617059695148663e-01
1.929706041614044632e-01
1.156215911667937968e-01
7.358398903670071434e-02
