-1.548807206646609647e-01
-2.096958308108314017e-01
-1.069075164918803222e-01
-1.344005198254934752e-01
-1.751132374541833625e-01
-1.265211994249699767e-01
-8.687040565457060382e-02
-1.457965764473642956e-01
-1.290423097978104228e-01
-1.209482497686599489e-01
-1.652510235653424087e-01
-5.847221195000290583e-02
-1.515918090563851128e-01
-5.733617270472551875e-02
-6.863166223680573774e-02
8.043882141397504237e-02
1.802233535619642280e-01
2.155638976509652999e-02
8.698763097840293834e-02
1.665324102120202820e-01
2.259373876610419329e-01
1.049435197250400548e-01
2.662351684781031902e-01
3.209254468968489871e-01
3.713432675363876889e-01
4.182134506066861879e-01
3.892751185763210220e-01
3.974885762278127510e-01
3.588020779748196110e-01
3.351033055771414082e-01
3.083969360380799385e-01
2.537147880157731850e-01
2.688173918433146015e-01
1.934703856666729060e-01
2.316913010112160998e-01
2.331652779073458970e-01
2.488591216421683072e-01
1.051526696067819622e-01
8.107035897076306230e-02
3.810809546313856377e-02
1.111628201052708848e-01
1.030835255047910515e-01
1.525104770674042820e-01
9.857818505176109414e-02
1.101351278594318028e-01
9.365079780364342354e-02
6.241761713399394257e-02
1.702534062962366423e-01
1.116333055618835973e-01
1.396282784255110099e-01
